1 1 1 -0.98377432 0.05182832 0.05495732 249889791.14578032 
1 1 2 -0.98043932 0.07653132 0.03499832 241249301.36091232 
1 1 3 -0.97447232 0.07009432 0.07895232 225686121.75274332 
1 1 4 -0.96723232 0.05527432 0.13460932 207526402.01783432 
1 1 5 -0.96429532 0.05350932 0.14239932 207225798.44377332 
1 1 6 -0.97028332 0.04468632 0.13127932 233483605.46975732 
1 1 7 -0.98275232 0.06096632 0.00795432 257246092.41203932 
1 1 8 -0.99105832 0.24492232 -0.29287032 263935796.13405932 
1 1 9 -0.99374232 2.05722732 -0.68264532 264851794.61801832 
1 1 10 -0.99440232 31.54984332 -1.10608532 264937622.24087532 
1 2 1 -0.98636432 -0.00053732 0.00054132 0.89913432 216412823.00683832 
1 2 2 -0.97784432 -1.52422432 1.55360132 0.13174132 226962662.91242732 
1 2 3 -0.97276632 -2.21554332 2.27776332 0.08502532 219624495.94752432 
1 2 4 -0.96622832 -0.59429432 0.65143232 0.12706232 205363898.42101432 
1 2 5 -0.96347632 -0.26516632 0.31826632 0.14243832 205927754.29030632 
1 2 6 -0.96928832 -0.25617432 0.29750632 0.14034132 232163744.53281232 
1 2 7 -0.98220332 42.72880832 -42.66332032 -0.00183932 256679223.98415832 
1 2 8 -0.99112432 -0.42635432 0.68870432 -0.29900932 263848173.32576832 
1 2 9 -0.99438332 -36.88817532 39.04567532 -0.67597332 264347869.94248732 
1 2 10 -0.99515532 -29.60963732 30.39352732 -0.58955732 264140973.74746932 
1 3 1 -0.98817732 0.00009732 -0.00024832 0.00015232 1.10129732 200179623.99389432 
1 3 2 -0.97937432 0.01643932 -0.04089032 0.02509332 0.55548032 218629399.59461632 
1 3 3 -0.97248332 0.52668132 -1.36323732 0.86157232 0.19240532 216115399.15830932 
1 3 4 -0.96589032 0.39112332 -0.96839232 0.61310632 0.18275532 203866360.27890932 
1 3 5 -0.96329632 0.24666732 -0.62275832 0.41809432 0.17043832 205452337.69802732 
1 3 6 -0.96928032 0.06564732 -0.34744132 0.32062532 0.14776132 232106469.51004532 
1 3 7 -0.98222532 5.78045632 42.79435232 -48.50946632 -0.00146632 256653548.26910532 
1 3 8 -0.99094932 -1.42613532 2.52407432 -0.93311732 -0.24122132 263807752.32842632 
1 3 9 -0.99519832 -6.60075932 0.57041632 6.62837332 -1.30622732 265202185.91807732 
1 3 10 -0.99995932 -179.27904132 145.53843332 33.72434532 -0.00102832 262548261.15373632 
2 1 1 0.85701232 -1.84391332 0.06106632 -0.06801732 59607968.72563132 
2 1 2 0.84776732 -1.83196832 0.00983232 0.19206132 57864324.39683632 
2 1 3 0.83272632 -1.81312632 0.00349232 0.35412832 54315506.02685132 
2 1 4 0.81411132 -1.79208532 0.00184432 0.44456532 52864825.50159832 
2 1 5 0.82265632 -1.80469432 0.00174532 0.40412632 58698622.35482932 
2 1 6 0.88155032 -1.87387232 -0.83473932 -0.61534332 62373437.87318932 
2 1 7 0.89602632 -1.89382432 -0.00373632 0.26031232 60935655.83708032 
2 1 8 0.87396732 -1.86537932 0.00346232 -10.25377132 62503639.04644132 
2 1 9 0.87378432 -1.86445932 0.99439232 -0.68133132 62363505.46809632 
2 1 10 0.87431632 -1.86451232 1.08551632 -0.62744532 62227092.91106332 
2 2 1 0.88401332 -1.87108632 -8.71400232 8.75949532 -0.02070732 58854173.94692632 
2 2 2 0.87363832 -1.85814432 0.08626632 -0.07973732 0.25199132 56767690.28770632 
2 2 3 0.85036532 -1.83103532 0.00945332 -0.00751032 0.43014132 53507413.09350132 
2 2 4 0.82409432 -1.80253732 0.00388532 -0.00260332 0.49136432 52324850.23277832 
2 2 5 0.82380932 -1.80609632 0.00328332 -0.00145732 0.40075632 58613047.45721832 
2 2 6 0.87040632 -1.86093832 -0.00000032 0.00000032 2.13692432 62034852.58944032 
2 2 7 0.89462732 -1.89233832 -0.00625932 0.00438332 0.34646832 60878156.83901532 
2 2 8 0.87418032 -1.86556032 0.00409732 -0.00191032 -10.16562332 62448927.79977832 
2 2 9 0.87342132 -1.86476832 -13.61350632 13.61685632 -0.00540132 62195019.67966132 
2 2 10 0.87410532 -1.86425632 -2.60018632 3.06237832 -0.50309432 62173246.69875032 
2 3 1 0.87505832 -1.86240332 1.89149932 -2.27573532 0.40514532 0.06893132 57982584.81111832 
2 3 2 0.87459432 -1.85906432 -0.01084232 0.11322832 -0.09549732 0.24574432 56740959.91743432 
2 3 3 0.85189332 -1.83268232 -0.00496432 0.02195532 -0.01449432 0.40014732 53440618.57795732 
2 3 4 0.82459932 -1.80314532 -0.00141032 0.00721632 -0.00431232 0.47313232 52284823.20265032 
2 3 5 0.82560832 -1.80808032 -0.01438232 0.03213932 -0.01489832 0.34678332 58506660.63399432 
2 3 6 0.87679732 -1.86844732 -0.00000032 0.00000032 -0.00000032 1.79381732 61605781.81882832 
2 3 7 0.89479132 -1.89246932 -0.00218332 -0.00180932 0.00225632 0.35547132 60827117.95098532 
2 3 8 0.87089232 -1.86640232 0.00001532 -0.00002532 0.00000832 1.05160432 61428640.68619432 
2 3 9 0.87383032 -1.86520132 -0.15287032 0.25521432 -0.09652032 -0.70684932 62403633.21672632 
2 3 10 0.87390232 -1.86403432 -1.91898432 1.26891732 1.02493532 -0.47890532 62141047.12872732 
3 1 1 -0.47487532 1.74948732 -2.26696432 0.00966432 0.10086032 46021762.78889932 
3 1 2 -0.47650332 1.74312832 -2.25563732 0.00242232 0.33885532 43844619.16855732 
3 1 3 -0.45218132 1.68359132 -2.21787332 0.00370332 0.32152932 41791274.57592432 
3 1 4 -0.43444432 1.63592332 -2.18677832 0.00369932 0.32939932 41660919.63326732 
3 1 5 -0.47095932 1.71681432 -2.23579732 0.00963032 0.14519632 45422471.51148332 
3 1 6 -0.49808932 1.80650932 -2.30431132 -246.18415132 -1.50723432 46890207.22009132 
3 1 7 -0.49715832 1.80139132 -2.30180432 -0.00000032 1.21799732 46542306.80830532 
3 1 8 -0.51894632 1.83812432 -2.31249932 0.07231832 -0.20526732 46566298.15348532 
3 1 9 -0.50571632 1.81711032 -2.30514832 0.37242332 -0.43376032 46518990.66346932 
3 1 10 -0.49781032 1.80335432 -2.30016132 0.75324432 -0.60365332 46715874.47416432 
3 2 1 -0.46918432 1.74554632 -2.26879332 0.37345432 -0.35951232 0.06026832 45972082.33323432 
3 2 2 -0.48850032 1.75880532 -2.25930032 -0.00826932 0.01062632 0.33793332 43769208.64478732 
3 2 3 -0.46314632 1.69948532 -2.22291232 -0.01295032 0.01748432 0.29391032 41678800.02129332 
3 2 4 -0.43750132 1.64042032 -2.18821732 -0.00371632 0.00759632 0.32251332 41643595.25121032 
3 2 5 -0.47558632 1.72436632 -2.23840632 -0.05632532 0.06334532 0.18002032 45334143.44399732 
3 2 6 -0.50967232 1.82000832 -2.30627032 -0.00000032 0.00000032 1.98037432 45972642.24942732 
3 2 7 -0.49492432 1.79858732 -2.29947632 -429.22257132 403.53374832 -1.31538132 46921248.47287132 
3 2 8 -0.51985832 1.83981532 -2.31329232 0.09578032 -0.02421332 -0.20441732 46520755.61859432 
3 2 9 -0.50625232 1.81805132 -2.30562732 -1.88004732 1.98897732 -0.26008232 46347588.20653332 
3 2 10 -0.49756032 1.80254332 -2.29970032 -3.24413832 4.16828632 -0.63051632 46706165.48830332 
3 3 1 -0.47795232 1.76420032 -2.27869532 -1.24156532 3.15771032 -1.89863632 0.03336932 45920610.01260532 
3 3 2 -0.48878732 1.76119432 -2.26149232 -0.00863832 0.00459032 0.00703432 0.30959532 43699041.40413732 
3 3 3 -0.46420632 1.70041932 -2.22275932 0.00728932 -0.02303732 0.01949732 0.31663432 41661791.13243032 
3 3 4 -0.44001132 1.64411032 -2.18931832 0.00738632 -0.01607632 0.01174032 0.35124932 41601268.99752032 
3 3 5 -0.47554432 1.72431332 -2.23838232 0.00184432 -0.05856632 0.06365832 0.18151732 45331543.90391332 
3 3 6 -0.50677732 1.81609932 -2.30548832 -0.00000032 0.00000032 0.00000032 2.13555032 45826428.38372732 
3 3 7 -0.50541132 1.81304132 -2.30511832 0.00000032 -0.00000032 0.00000032 1.58365132 46031256.37446932 
3 3 8 -0.52040632 1.84113032 -2.31393832 -42.70929132 77.56457932 -34.84168932 -0.00230632 46332033.01934232 
3 3 9 -0.50454632 1.81466432 -2.30399332 -1.62473732 1.42301432 0.26578832 -0.20084132 46264031.16676332 
3 3 10 -0.49759132 1.80265532 -2.29973432 2.40131632 -7.49975532 5.96480632 -0.61680532 46689513.76168732 
